350 -174 -43 -106 623 -170 -93 275 -335 136 250 259 -270 280 44 0 325 -122 -453 134 130 -478 -76 269 48 201 -331 72 -15 -300 207 -25 183 57 221 -63 89 299 -92 42 33 1 393 522 -49 -2 -190 299 291 7
-478 118 610 -335 -212 257 422 -49 188 65 -431 -5 -35 -372 163 35 1 -63 284 273 -547 433 9 -181 302 180 142 352 -269 -516 93 296 49 -281 66 -112 -134 -509 227 -152 99 159 95 -220 545 -198 -124 -84 -125 41
223 -377 -95 -15 -202 -251 -451 -150 99 514 507 -20 42 -159 196 44 -347 -6 -272 -356 343 35 104 133 -46 -180 -1 40 190 -87 210 -112 -88 305 -244 -22 -97 109 -447 -238 388 224 68 -8 142 545 -202 201 -141 -148
-149 339 -406 47 -177 -346 -150 -443 -23 -90 -66 -160 243 -426 -487 -73 -101 294 -703 -142 -43 118 -419 -261 -201 231 -88 79 -345 222 163 -86 107 198 40 51 66 -73 29 28 77 -101 55 -21 64 113 110 187 -263 -31
-443 -72 171 -90 -337 299 -448 -467 181 68 -470 257 -240 -192 -151 235 -283 -43 271 -210 -81 7 -123 -72 -258 193 155 63 -16 -294 -20 68 -9 136 -224 238 -161 -224 -189 -71 193 38 43 -442 -113 441 412 -171 -198 -300
-74 72 212 112 216 171 -66 -103 195 -77 -150 350 -329 241 106 337 -266 -49 31 -102 -60 96 29 -518 -75 16 -1 333 -88 252 -44 -50 115 -50 -33 200 44 -417 56 234 236 -204 157 -7 243 60 -207 93 -220 -257
149 -326 -642 493 -105 274 105 138 -184 -248 223 -213 -513 75 -39 79 -313 189 79 -262 569 406 -91 -110 -292 103 -25 -10 19 588 23 57 -347 -278 26 -282 -53 82 -376 185 -195 47 -635 71 232 329 266 -99 -556 291
-108 285 -236 27 -662 -115 -438 -243 -408 -273 -108 -323 96 -358 -377 4 175 190 -226 -145 -78 331 -41 354 29 -30 120 -38 -114 -159 -144 -167 251 338 185 111 162 264 -97 -182 -252 442 119 -28 57 -88 736 -58 -62 -315
-266 261 -587 165 -506 7 240 272 -213 -205 374 148 102 149 16 -173 -321 -41 -475 -118 202 -387 -148 -423 378 -157 -198 -405 -153 301 -72 -290 188 -35 69 106 -689 -260 -418 -208 -265 -461 303 -98 -178 -33 187 -92 313 346
-49 -94 368 93 190 163 21 108 147 -149 -109 667 -383 -3 -135 78 157 -113 231 199 33 -325 -499 27 -464 6 -65 7 78 -132 -331 141 -251 -10 -96 46 528 -25 -39 -42 229 -9 553 -158 -18 -75 -266 -28 -215 -173
-477 -399 -249 26 -213 56 190 -91 -204 -76 -169 36 67 -300 -258 -147 -144 -121 44 -37 266 424 208 -55 152 -19 120 -55 -255 -198 439 11 11 -153 -76 99 -317 -361 474 -511 144 68 -231 -58 116 -77 105 -308 -398 -187
-150 73 325 -470 252 -283 -238 229 209 609 -32 304 4 159 118 417 92 -155 20 -211 -222 223 170 364 49 -704 158 253 -187 -100 -121 24 26 243 84 112 171 -151 124 -191 -102 -126 519 -208 60 145 -381 291 353 -419
503 -104 101 -661 216 105 274 31 -240 66 -283 -379 159 27 217 -461 -222 46 -360 -94 -144 328 347 117 -447 175 -214 104 325 -206 131 184 -45 436 563 -239 197 470 -194 146 -56 -76 45 -83 117 -140 -299 -62 -118 -135
-199 -80 -201 353 -399 307 22 -143 -230 185 42 100 -7 179 -258 113 -252 357 -240 -207 -438 -195 -67 -386 -30 708 58 335 396 -167 -14 -86 1 -2 -95 470 -22 -360 313 -396 555 110 47 -43 -333 132 -71 -353 -132 43
320 -41 397 -516 209 225 -147 -379 -250 -20 -201 294 126 380 468 301 -69 -251 426 341 -179 398 214 29 0 48 -319 25 -230 705 -129 -48 -37 -124 267 95 373 -56 356 352 244 -356 78 550 156 115 -330 41 -252 -251
30 -160 -226 -112 76 163 -84 -164 -480 -125 -354 -149 228 -278 416 -3 204 -246 -19 -44 -225 -96 217 -256 150 -38 96 -146 -149 385 39 -29 -297 -135 266 -320 -50 231 741 -192 57 -85 278 335 298 -380 142 -230 -452 439
119 -84 -135 -219 191 92 -247 -389 450 -117 -104 -189 226 -26 45 -221 130 12 158 33 382 120 -410 -8 -436 -259 -87 -196 -165 -124 -8 441 -36 121 140 -143 175 376 -179 135 61 -374 -709 84 -5 -211 -330 37 -358 108
-108 -197 -575 -17 -90 -517 351 102 -433 85 250 -115 138 -135 235 82 -79 108 -238 -239 428 5 -356 174 -10 -398 -71 -376 -425 -105 498 -20 140 132 -307 -143 -22 228 -583 -571 -275 -10 -138 -319 -338 348 97 -341 -33 -254
249 68 12 -8 -153 435 -54 -520 293 -548 -77 -205 101 104 449 -381 137 443 2 129 443 349 811 -320 133 -460 72 106 -40 -214 202 205 44 -183 79 -678 -192 442 -48 -136 -16 221 -81 -266 -69 -407 -307 365 -36 106
316 -116 388 -248 370 -403 -213 15 178 367 -294 -195 -86 52 351 -43 0 -137 4 -45 177 124 70 131 75 -174 -17 15 80 -246 124 334 -69 162 238 -29 305 376 -375 -204 148 158 70 -266 57 29 -350 279 81 201
173 186 646 -536 744 -429 258 209 185 70 -16 -134 -215 -301 -305 -276 -8 -2 -12 -5 264 193 11 206 116 -89 188 -238 -15 -453 44 201 -88 284 -184 -70 -197 394 65 -547 294 221 -336 -457 -137 363 85 344 178 -89
-74 -314 581 186 610 407 178 -136 193 -87 116 370 335 -184 294 -292 -82 -177 -255 -323 395 59 -202 -471 134 115 -157 -397 139 -197 -510 -346 -188 2 113 151 428 -75 -165 271 -375 -187 3 276 -235 -150 -60 -199 151 371
-331 -72 450 -495 146 375 325 432 -74 485 -204 33 -473 -194 -232 58 -140 23 642 92 44 103 321 588 116 -279 315 234 324 79 -30 246 -275 -38 -75 8 -313 115 264 -280 411 235 17 -181 -97 421 166 -24 410 -244
-78 43 -12 178 168 135 98 293 45 -73 -127 31 -82 275 232 -133 542 -287 179 409 288 62 194 -90 134 56 27 -135 407 -219 -584 -75 259 40 220 -272 -141 -165 -253 201 41 -14 -59 -223 22 -489 -225 97 -72 -165
233 173 -171 128 -122 -65 -210 -221 -319 110 73 -599 145 -70 -438 -53 -26 540 -120 -103 -82 167 13 421 -200 363 -202 -138 104 361 -69 -67 -1 398 34 206 438 33 -422 235 76 -146 36 -326 -456 148 265 8 117 355
-21 -228 10 -470 573 124 703 -95 -294 279 390 -47 34 193 234 -151 255 -36 206 178 -386 106 135 -252 305 112 -328 -30 -195 -59 270 -6 177 -66 9 97 -164 95 386 109 -151 -127 -88 261 -167 -170 5 -534 -42 29
199 124 181 -245 -244 -37 213 309 590 67 100 445 -82 158 -58 -722 -206 -301 330 128 56 -2 289 -207 209 -4 -382 -479 199 -131 -194 -178 236 120 -320 -397 -200 -197 124 -205 -23 143 -82 26 88 10 10 -6 269 18
239 -35 -412 -473 559 300 -71 -81 -242 -256 32 -82 199 -38 457 111 200 -426 -192 -201 -138 -511 -108 -135 46 -271 -569 -125 -522 576 246 -220 -84 -174 96 -36 -173 222 457 190 -512 -921 11 187 -43 -106 -59 -122 -133 229
-5 -356 -162 -46 -281 191 32 50 206 -178 348 357 405 247 259 114 -177 -23 -25 180 -228 -376 -304 -59 -51 75 169 307 -22 10 -105 -73 -48 -117 81 59 -56 -202 -220 76 277 -501 -54 516 115 168 -658 93 102 393
-134 -228 7 -374 -287 329 -125 -76 81 122 136 404 -164 -77 -62 -524 140 307 273 44 -119 -205 452 344 149 185 -220 -99 -8 -445 -32 171 177 340 379 -104 -56 -327 381 70 -5 -206 343 63 -155 -344 209 -9 40 -34
-121 3 57 -655 -266 -467 -104 421 -311 9 327 -87 278 -352 99 253 150 -204 404 426 -275 -410 220 1050 200 -451 328 51 -414 54 454 425 -683 -202 277 255 -353 426 591 -526 225 -32 540 -23 -148 72 -264 321 49 -211
-182 -236 -81 448 23 -432 -390 -110 516 338 203 -180 358 -9 7 -267 263 -5 83 373 -91 167 -323 107 -289 121 483 -273 460 -210 -573 -328 461 134 -255 -38 150 -197 -391 386 229 182 323 -112 -108 -198 -43 -262 -73 216
-82 -13 -118 65 -479 248 371 -86 -642 -171 -607 225 439 -368 1 242 -435 -163 -204 -468 192 167 149 -35 -10 -376 134 -291 53 -125 326 232 -240 321 198 141 20 95 -133 -465 -212 114 -190 -92 -214 -55 84 -114 101 8
296 -143 -78 -510 201 146 217 25 -402 59 -100 21 41 -84 188 149 13 -440 357 279 -118 47 399 55 128 -319 -6 -312 -87 663 -47 50 50 -45 203 -126 -290 123 250 41 486 -343 -307 178 -304 81 -185 138 -265 87
-231 203 341 424 134 93 -75 -417 249 -63 82 68 124 282 71 85 -202 41 -78 -51 364 167 -396 -235 -191 -53 258 -139 -199 2 -283 -361 194 -351 -133 -26 153 268 -136 57 122 211 151 351 63 107 150 -241 -93 -285
-114 -370 -2 -173 -51 108 -402 84 287 137 436 136 177 153 58 -128 -248 65 231 -168 70 187 -491 190 -294 -410 299 229 295 249 -629 143 96 -84 -216 -169 454 172 -325 168 131 149 -206 200 249 342 -238 -81 -63 -446
-415 473 272 105 184 -28 -70 119 207 319 268 -176 -83 -3 -89 -400 -65 -114 181 -30 33 276 -90 392 126 145 -291 -140 -69 -237 21 45 -115 120 206 205 -177 -263 51 -2 -272 177 531 -81 94 103 321 -316 232 -103
266 -1 -134 105 -662 254 64 -265 -279 -145 -463 289 -163 -325 -308 196 149 -26 -349 -117 71 -236 16 -68 168 -281 -359 -147 19 -45 309 -362 78 -168 -372 -80 -57 -386 -155 -166 -474 -467 -79 -282 267 -224 97 -129 -85 218
-272 20 245 -413 363 7 -128 -207 148 315 50 103 -4 -378 -92 221 -132 -287 64 -403 -369 -81 -193 9 -70 -156 300 -133 -268 14 -272 137 327 66 359 -166 276 -391 326 63 13 -318 96 413 582 131 44 192 431 -272
-266 195 46 206 74 -314 130 156 -26 13 -136 -239 -155 -751 -113 80 -14 -210 -371 -81 79 -305 -525 209 -158 326 122 -19 -96 -476 -38 -373 -100 -8 91 -58 128 99 89 -179 187 334 579 -203 296 -48 356 -277 -153 -163
-217 125 82 -200 224 130 420 613 -845 243 -52 -60 -199 -201 -494 104 -123 -225 -24 11 -258 45 -73 270 235 315 -8 -156 138 297 -97 89 -265 249 288 431 -179 -547 85 89 304 -65 -31 -146 33 184 -107 31 217 -193
-551 -355 125 276 -363 -8 197 53 293 326 91 214 281 331 277 -17 -209 304 -46 365 67 444 47 -138 96 -205 336 281 -122 36 -181 133 42 -56 -219 110 -249 54 -290 -149 231 74 232 -175 166 210 -183 -400 -142 -105
-57 186 203 262 144 -91 179 134 397 594 58 -151 -229 391 -264 -368 -364 199 -375 -146 178 389 -84 71 52 413 -44 38 249 -280 -56 276 177 -87 191 -67 205 -218 -352 -185 -125 149 -170 -274 215 198 -279 197 301 -8
216 149 517 -77 -22 -216 143 -232 176 -144 119 -381 356 -271 -162 -154 -211 37 237 -12 193 123 -324 433 -240 -360 241 -348 57 -206 418 319 -478 40 -21 199 -257 467 185 -492 94 115 -448 -5 -100 87 0 168 -108 350
283 -188 -603 -177 -135 -143 344 57 -369 -60 -87 -98 -195 153 219 84 340 -119 311 139 -118 13 -316 -354 -411 68 -262 50 -36 325 398 141 77 -88 8 -298 -65 502 349 86 -2 188 -292 436 -63 -259 41 148 -567 -89
31 169 -216 -136 99 76 29 439 -383 6 -525 14 -31 78 -238 290 -46 -414 103 234 -124 -447 -106 162 -257 186 -158 -276 -216 523 -282 105 -261 118 133 31 -33 251 133 90 78 -141 154 -378 -36 -351 37 157 53 -62
-5 98 286 298 -349 181 -186 -160 -14 270 -683 243 -517 -53 -343 185 -203 -73 132 329 143 -2 125 338 -395 9 75 129 280 361 -283 -165 -8 136 -382 -119 218 -200 -475 339 297 138 313 -446 120 264 98 -42 -280 -194
-96 39 3 -282 27 -461 133 278 54 44 314 188 -74 -301 -309 343 -79 -121 110 60 87 -397 -17 350 -183 -208 -48 -90 -360 104 -88 -36 -525 18 150 15 83 -197 252 -43 -329 -471 19 -206 252 224 -291 609 72 -74
-122 -270 10 691 189 454 123 -174 -17 75 -266 159 -394 261 -54 547 -37 -46 123 -238 -73 -11 524 -418 88 189 267 -46 405 183 -234 -61 82 -139 -66 62 261 -137 -154 597 -37 109 167 39 -411 -128 768 -273 -20 576
221 -148 -250 -33 -85 381 427 70 -680 -253 -415 218 -356 90 -77 24 134 -29 -99 22 186 -87 260 -425 -299 105 -100 -88 403 86 -339 -273 54 127 136 -169 101 273 -179 229 -214 -89 -318 210 -297 -209 348 -215 -526 128
-157 395 195 -137 -312 -120 -117 249 -274 16 -428 -7 -112 -221 -316 444 -499 -491 -14 -262 -194 -49 166 315 178 125 151 -400 13 -93 -409 161 -272 125 707 144 47 -482 304 -374 43 -161 -157 -183 414 161 178 228 184 -94
-109 -229 -61 4 27 -96 67 326 238 71 19 161 42 -41 -15 -3 -157 -218 -175 38 72 -317 459 185 511 454 81 -182 -94 -194 148 -274 -394 -215 85 -49 -427 -18 457 -601 -227 -384 -285 -67 5 78 -323 363 331 279
-88 40 -84 50 702 29 83 265 -149 357 237 -361 -669 124 292 420 91 -194 797 -165 -67 -169 440 107 -172 41 144 217 347 -108 184 445 -281 -105 110 96 -420 -164 202 158 213 242 -2 -108 -542 201 126 -29 -29 191
173 -532 -213 656 -84 120 311 -24 130 -302 121 -43 -132 361 -94 -352 340 582 -10 250 461 -65 42 -420 -239 482 80 12 62 228 124 -148 -194 -184 -511 -277 27 307 -317 272 -46 46 -199 -27 -64 -263 -62 -16 -289 335
175 -73 359 334 -296 93 -148 284 328 -66 498 97 126 328 271 -349 277 362 -96 27 99 471 24 152 360 199 -316 225 105 -250 -62 -269 -167 122 -333 130 141 -122 -137 181 -31 276 224 -17 155 30 7 -265 -143 -254
-67 -398 -97 -113 -25 294 -267 -435 386 -270 222 100 175 -1 532 260 298 -37 509 212 -49 -103 338 72 324 -477 149 201 -270 182 162 195 -72 -549 175 -232 -65 331 350 80 -353 -157 -208 409 221 -307 -70 142 -130 217
100 81 169 56 129 -251 -92 83 154 -22 67 4 310 -243 88 242 -237 -362 138 197 129 -141 -103 24 -485 150 120 -211 74 -193 -414 -277 -287 303 316 64 63 -232 -513 218 363 -153 -86 78 -113 224 -551 279 407 -15
-157 -89 -106 63 -37 -379 215 -1 185 -139 276 162 263 422 -251 251 34 -507 216 465 10 -31 -556 252 277 -612 92 -219 11 31 473 71 232 -497 -68 331 -282 365 -57 -453 -46 19 -250 458 126 271 -26 -43 318 164
-23 -29 124 162 249 -318 -327 348 328 209 368 -317 -274 214 483 -75 129 219 -127 -286 -214 -308 -123 -170 60 19 647 698 62 -309 -80 270 29 23 -427 170 -166 20 -73 187 263 644 54 -183 -130 -62 152 -241 -309 -198
-387 -13 -277 126 144 -122 -533 32 -229 377 -231 -141 -63 53 26 200 333 610 -182 183 -28 153 -217 346 -154 175 -32 343 -353 -135 -71 247 -99 440 145 390 -178 -5 92 -326 151 -287 -242 -432 -231 372 -234 31 -368 1
-215 -76 -201 576 -538 28 -186 -248 194 67 -224 15 112 431 -167 -334 10 284 -164 44 283 393 135 -343 319 -149 -36 -178 130 -237 201 -183 500 -18 -282 -57 -63 -115 -499 -214 -94 511 -141 -55 -157 75 417 -242 292 179
-627 -196 327 119 18 44 -133 -82 358 97 318 98 632 -229 -213 455 -428 -76 -38 -361 -25 229 -555 377 -235 196 533 -51 -88 -356 -193 45 -630 -179 253 432 118 -86 -214 -482 -435 -213 22 26 333 406 -120 47 653 1
156 -21 -242 -76 121 -295 -22 -57 -300 -58 -44 -19 138 229 -107 113 237 11 172 61 -398 109 -365 -76 100 -141 29 -246 431 -46 -96 358 286 84 146 67 362 -130 -181 415 38 -200 -214 324 -196 -17 45 -145 -33 567
-240 101 29 -218 108 532 -102 -166 105 -51 -39 -145 457 74 215 -187 -101 -281 -110 -25 190 421 -43 -73 127 -261 -23 118 29 147 -51 70 -42 -174 291 18 -397 300 252 -605 -33 -275 -198 242 108 11 -323 192 61 188
10 96 -204 72 6 151 108 -376 -216 -216 -100 -102 26 397 -15 -243 189 141 -264 507 354 231 4 117 -169 193 -85 107 -456 12 196 201 209 -199 -54 -206 103 166 -343 -315 -225 273 -39 -269 -162 -392 -130 107 -448 -49
211 295 -142 -318 205 22 -284 -19 -367 -172 420 -30 -33 348 -92 3 140 -88 -44 -389 -626 -213 -20 -375 200 77 -109 253 287 155 -177 -309 181 205 -300 323 3 -52 423 171 28 103 200 278 -282 -59 151 -136 -181 -34
-491 157 -364 455 -266 100 138 -142 432 118 -308 76 72 -106 -316 -311 -213 -534 -245 511 468 13 -402 -159 -396 489 253 -202 13 -141 -114 -245 700 -294 81 -181 -390 -492 -624 -69 384 185 -61 231 204 -79 -306 -22 394 -266
-26 95 -5 -275 -154 -213 217 91 -114 427 -90 -432 3 -339 168 -516 222 414 -412 -247 30 695 213 -198 272 203 19 121 -464 -177 400 87 318 4 218 -539 -320 6 198 -290 -317 618 -26 -24 512 -289 337 349 -51 -366
-344 159 -69 -157 341 39 -152 -150 227 123 193 -98 330 -151 25 -204 118 -136 211 90 110 142 -39 -38 -120 588 -184 -424 -352 -226 -213 -489 -171 189 160 -48 -331 -26 538 -221 70 -195 -42 192 75 121 -307 58 391 -212
-113 26 352 -61 -99 -10 259 95 -79 161 -232 360 -427 -264 -344 414 -502 -314 -420 -136 -37 -180 -276 -190 95 104 437 338 68 -373 -72 19 246 -86 -242 -114 72 -406 -399 -332 562 120 -310 -82 161 606 -194 621 -35 -64
352 131 366 -240 20 -290 162 116 -292 -138 -28 48 223 199 -536 -281 362 156 -136 384 -157 -170 -191 515 -488 232 -351 -176 166 -127 -136 -137 -57 476 -9 428 456 171 -169 303 -296 -313 96 -126 -458 -39 0 52 -40 -167
-111 -138 -364 -256 213 -166 -18 94 -17 307 28 2 422 83 171 66 243 -125 -192 271 -146 204 -507 -184 121 -44 -550 -307 -76 90 -156 144 157 249 509 288 -122 169 25 231 135 -533 -65 135 -5 -178 -240 -200 29 100
116 -108 197 -112 401 125 228 74 -392 -133 52 275 -132 218 125 -78 630 -398 189 645 -7 -32 173 60 -68 443 -216 -160 171 135 -67 -445 186 -237 -245 -60 -62 -148 179 227 62 112 329 337 -489 15 226 -70 -248 -273
-9 -224 196 134 113 477 385 -168 -7 -261 238 899 52 338 -65 192 306 -64 -132 291 -318 -544 -269 -697 283 628 -99 -314 298 82 -199 -130 -277 -499 -107 84 -45 -181 125 -248 39 -379 262 340 -239 -195 -208 97 39 555
41 83 -149 42 -250 99 386 -65 138 9 148 -90 482 390 -59 -696 93 268 -260 276 -54 226 -58 23 -44 4 -413 -15 272 -210 171 -99 257 18 -69 24 -126 123 -368 -345 -400 -35 83 -516 -155 -358 -288 -517 49 -238
-77 -140 32 453 -204 -290 45 127 -26 -252 -531 -212 59 -421 -569 86 130 -107 -212 74 130 -346 97 684 -176 200 790 283 177 -247 248 -258 -99 -131 -414 7 -53 -437 22 118 -259 -39 -344 -220 19 -127 224 48 -2 -50
69 -751 -228 388 -284 -47 -275 137 8 -367 400 -7 163 -11 -6 77 40 -165 107 44 -236 -507 -249 321 281 -90 -137 -97 -51 304 201 -166 -354 -332 -200 276 -33 64 274 -35 -335 -709 -214 -45 304 186 50 -104 -497 646
261 -341 -794 -24 -333 305 48 -285 -115 -54 189 273 38 57 -119 -334 -284 557 -112 -509 199 -22 -27 -398 -395 100 -281 33 25 574 113 153 -200 -79 -52 -142 163 -232 136 -167 -473 -281 -649 172 110 17 -504 -125 -283 118
-6 198 212 322 -406 129 120 -124 264 5 -509 20 -84 -106 -45 -213 156 -135 15 492 193 135 198 -27 610 -113 -76 -194 51 152 81 -233 387 -231 -135 -128 -283 -398 -326 136 247 7 -31 -216 81 -95 157 -77 227 271
6 4 -268 16 -417 -616 117 -259 -26 -194 228 -408 502 -315 42 -95 38 323 -400 -80 -60 305 -11 -130 263 407 61 -186 -41 -395 167 -60 130 307 258 108 -82 -44 -312 -47 -235 5 -286 -61 -180 -67 271 66 16 234
-183 -173 84 -9 258 423 -2 165 -140 209 67 265 41 170 125 32 -336 -163 -180 -201 -386 -65 313 -102 -18 720 -145 32 365 -15 -388 24 -100 4 271 87 317 -314 465 -57 224 -7 411 -69 -264 137 -149 56 -68 -47
20 44 -177 280 56 -19 -227 -25 -51 -188 -321 -359 121 -218 -271 -228 99 -12 -211 53 307 75 339 97 -296 -45 92 147 -183 400 13 -356 -152 -137 -266 -51 89 117 161 117 -348 356 80 -212 60 -290 155 -149 -32 -213
44 -24 335 189 349 489 434 -212 -451 353 -846 -174 -551 -83 -48 135 -159 377 223 -116 280 732 490 -286 -426 519 103 202 358 32 240 65 -201 264 46 -100 176 25 -141 179 554 638 -84 -119 -365 323 438 -162 -255 25
-139 405 -516 94 -462 245 -17 222 -172 -249 265 -107 -413 -19 -318 -345 164 14 -296 -196 132 -383 329 -244 276 403 -421 -111 -178 412 -151 -480 -56 53 36 40 -451 -686 257 28 -717 -150 -118 -76 200 -322 477 33 8 -75
-218 46 151 162 -215 331 242 -223 163 -256 -989 -27 2 -292 -234 -260 -2 403 -119 23 46 658 81 58 -124 113 -78 217 198 -261 306 684 -123 -47 327 -37 -3 -15 14 -270 -27 234 237 -770 118 -158 155 -270 97 101
79 44 -67 8 -47 -110 -654 -375 -197 -188 -426 -356 156 -431 -234 39 232 -182 -99 219 79 55 -209 483 -100 -311 31 19 -90 -26 -155 -362 417 258 57 140 277 -159 -99 236 274 -242 -162 67 123 -35 -97 -81 -120 14
70 259 373 -48 111 -173 20 71 144 -187 -220 -200 -250 -204 -22 -231 13 204 -73 -77 -274 -27 282 -58 145 370 246 -148 280 -75 48 512 -32 138 85 -15 -170 -233 155 102 363 228 395 -503 -401 74 613 197 20 312
225 342 -487 18 125 -16 169 -263 263 -197 -551 -357 -187 -25 -205 -30 524 78 135 234 5 -59 -271 -210 -300 -428 -42 -19 361 -43 351 419 504 -43 -127 -222 -239 229 -168 45 123 124 -474 -202 -178 -416 135 -319 42 164
253 -468 510 -13 39 -386 145 169 42 -395 174 127 45 21 175 -215 290 -303 227 414 -447 -424 46 241 465 468 294 -430 129 -563 345 234 -255 -391 -140 76 -171 286 340 -218 122 135 192 -72 -150 -251 319 -142 -379 350
-217 359 587 236 -588 144 153 -150 231 -215 -209 -44 -178 73 -263 33 -125 343 214 3 65 416 -9 164 133 -27 -70 80 174 -291 83 319 -274 -35 53 347 18 -633 -67 267 -147 45 124 -597 265 -106 170 -134 175 -300
-23 -257 116 196 -34 355 98 -31 33 235 -295 327 -514 -166 216 402 -220 -391 478 290 -248 -412 66 -57 24 369 -291 198 -70 219 -194 -133 -9 -51 45 109 189 -321 91 356 711 -544 243 -74 199 -48 -486 -237 -476 186
-115 273 14 104 -18 208 -185 -253 -78 -537 -121 100 -200 -40 -423 134 -4 111 143 -202 127 25 33 -493 124 -25 113 -46 -311 670 -174 191 -225 -137 -359 363 -185 -461 214 342 -324 -215 -602 4 -77 -5 184 145 82 41
171 170 287 89 86 440 552 -313 -421 10 -272 -214 255 -91 -151 -164 -136 149 -79 185 -490 230 -121 -276 -594 418 122 142 258 95 0 -80 208 28 44 -128 452 351 -423 413 319 206 284 183 -362 -92 -107 -39 -369 228
-128 -53 -550 43 -281 482 18 147 -310 50 -32 92 -246 91 160 29 166 -1 55 98 -157 -336 171 64 455 -59 -292 281 -245 357 -192 -188 132 167 6 -164 -401 106 248 -150 -330 -289 12 -228 202 -623 108 -185 -35 36
-138 232 481 36 27 279 81 43 -246 28 -133 307 -84 -164 -94 160 -64 152 476 129 14 119 -50 37 -200 66 15 177 -90 269 -391 -597 -298 157 -111 93 -92 -89 419 -122 -37 -217 -121 353 145 249 -297 218 207 -225
-117 -219 111 50 430 2 -88 62 383 310 615 394 36 55 602 271 -139 -8 -11 -41 -181 -253 -69 -222 -59 329 150 522 -248 -279 -508 -176 60 48 65 -290 419 -299 -30 176 101 187 348 414 378 -69 -416 107 199 -225
-195 114 -404 -43 98 -45 128 59 -494 241 287 -514 -213 -15 -140 29 17 521 -10 -607 105 501 -291 7 -145 -412 -173 74 -41 -161 528 275 172 39 191 133 -416 -41 -2 -342 -493 -135 -449 -241 -91 280 231 56 -57 -199
-163 164 480 -28 401 353 71 -99 -68 45 -208 -209 -120 -244 141 -480 219 -87 168 143 -527 -191 -14 -355 -29 422 -71 -28 178 66 -11 58 -217 -118 107 191 -224 -222 522 159 118 -112 467 -139 -132 -174 -88 -155 -277 425
-38 -64 171 -110 -410 -21 78 -191 199 32 -227 108 198 -236 233 87 -58 238 -359 45 -148 195 -158 -6 -14 -237 -55 261 -98 -185 190 -182 202 74 -66 -154 52 142 -228 -137 -60 137 577 -379 599 12 -63 -81 148 -388
55 460 -79 217 -357 42 -149 -334 -424 100 -79 -115 -40 22 -533 530 -199 -145 -432 -81 -232 111 -363 -180 -202 279 -15 245 90 403 -281 -494 -1 -115 -9 68 609 -35 -305 -34 61 383 306 201 304 28 11 285 -75 -40
